AANO003475	AANO003475	100.000	215	0	0	1	215	1	215	9.87e-149	400
AANO001966	AANO001966	100.000	215	0	0	1	215	1	215	6.83e-155	416
AANO001966	AANO003475	30.986	71	37	2	112	180	123	183	0.29	17.7
AAST001069	AAST001069	100.000	223	0	0	1	223	1	223	3.58e-170	455
AAST001069	AAST009251	38.889	36	21	1	130	165	83	117	0.001	25.0
AAST001069	AAST009251	35.294	17	11	0	122	138	103	119	0.15	18.9
AAST009251	AAST009251	100.000	222	0	0	1	222	1	222	1.31e-169	454
AAST009251	AAST001069	38.889	36	21	1	83	117	130	165	0.002	24.6
AAST009251	AAST001069	35.294	17	11	0	103	119	122	138	0.17	18.5
AAST009251	AAST001069	29.412	17	12	0	1	17	77	93	1.6	15.4
ABIS009496	ABIS009496	100.000	240	0	0	1	240	1	240	0.0	488
ACAS010570	ACAS010570	100.000	217	0	0	1	217	1	217	8.39e-164	439
ACAS010570	ACAS003840	24.242	33	24	1	126	158	53	84	6.2	13.5
ACAS003840	ACAS003840	100.000	190	0	0	1	190	1	190	3.56e-146	392
ACAS003840	ACAS010570	24.242	33	24	1	53	84	126	158	5.4	13.5
ACOE021198	ACOE021198	100.000	221	0	0	1	221	1	221	4.56e-170	455
ACOE021198	ACOE026756	28.736	87	55	3	91	177	92	171	2.54e-04	27.3
ACOE026756	ACOE026756	100.000	225	0	0	1	225	1	225	4.86e-172	460
ACOE026756	ACOE021198	28.736	87	55	3	92	171	91	177	2.59e-04	27.3
ADEA000441	ADEA000441	100.000	290	0	0	1	290	1	290	0.0	597
ADEA000441	ADEA010399	18.182	143	104	4	1	136	1	137	2.1	16.5
ADEA000441	ADEA010399	33.333	24	16	0	152	175	80	103	3.3	16.2
ADEA014137	ADEA011245	99.574	235	1	0	1	235	16	250	0.0	486
ADEA014137	ADEA014137	100.000	235	0	0	1	235	1	235	0.0	485
ADEA010399	ADEA010399	100.000	211	0	0	1	211	1	211	1.95e-162	436
ADEA010399	ADEA011245	100.000	189	0	0	1	189	1	189	6.03e-143	388
ADEA011245	ADEA011245	100.000	250	0	0	1	250	1	250	0.0	514
ADEA011245	ADEA014137	99.574	235	1	0	16	250	1	235	0.0	486
ADIG024341	ADIG024341	100.000	220	0	0	1	220	1	220	2.29e-170	455
ADIG024341	ADIG029007	38.710	31	18	1	111	141	11	40	0.004	23.1
ADIG029007	ADIG029007	100.000	120	0	0	1	120	1	120	1.22e-89	243
ADIG029007	ADIG024341	38.710	31	18	1	11	40	111	141	0.002	23.1
ADIG003538	ADIG003538	100.000	65	0	0	1	65	1	65	3.85e-44	124
AGAM008034	AGAM008034	100.000	225	0	0	1	225	1	225	5.38e-174	465
AGAM008034	AGAM000104	24.390	164	106	5	2	156	2	156	2.10e-07	36.6
AGAM000104	AGAM000104	100.000	214	0	0	1	214	1	214	3.83e-160	429
AGAM000104	AGAM008034	24.390	164	106	5	2	156	2	156	2.00e-07	36.6
AING001257	AING001257	100.000	253	0	0	1	253	1	253	0.0	513
AING001257	AING005800	55.556	9	4	0	245	253	164	172	3.4	15.0
AING005800	AING005800	100.000	284	0	0	1	284	1	284	0.0	571
AING005800	AING001257	55.556	9	4	0	164	172	245	253	3.4	15.0
AKER002979	AKER002979	100.000	221	0	0	1	221	1	221	3.20e-171	457
AKER002979	AKER006429	71.429	7	2	0	11	17	214	220	4.5	14.2
AKER006429	AKER006429	100.000	234	0	0	1	234	1	234	1.65e-178	477
AKER006429	AKER002979	71.429	7	2	0	214	220	11	17	4.8	14.2
ALAI007513	ALAI007513	100.000	222	0	0	1	222	1	222	1.43e-172	461
ALAI007513	ALAI003497	24.615	65	47	1	91	155	90	152	2.01e-04	27.7
ALAI007513	ALAI003497	60.000	10	4	0	20	29	164	173	1.1	16.2
ALAI003497	ALAI003497	100.000	221	0	0	1	221	1	221	3.80e-170	455
ALAI003497	ALAI007513	24.615	65	47	1	90	152	91	155	2.00e-04	27.7
ALAI003497	ALAI007513	60.000	10	4	0	164	173	20	29	1.1	16.2
ALIM013313	ALIM013313	100.000	191	0	0	1	191	1	191	6.22e-149	399
ALIM009126	ALIM009126	100.000	227	0	0	1	227	1	227	2.46e-173	463
AMAC010511	AMAC010511	100.000	105	0	0	1	105	1	105	3.79e-76	209
AMAC010511	AMAC017913	93.421	76	5	0	1	76	1	76	2.66e-49	145
AMAC010511	AMAC017913	29.630	27	18	1	52	77	199	225	1.4	15.4
AMAC006615	AMAC006615	100.000	227	0	0	1	227	1	227	1.71e-165	444
AMAC006615	AMAC013202	94.714	227	12	0	1	227	1	227	2.02e-149	404
AMAC017913	AMAC017913	100.000	228	0	0	1	228	1	228	3.11e-170	456
AMAC017913	AMAC010511	93.421	76	5	0	1	76	1	76	1.06e-48	144
AMAC017913	AMAC010511	29.630	27	18	1	199	225	52	77	2.6	15.4
AMAC013202	AMAC013202	100.000	227	0	0	1	227	1	227	1.78e-168	452
AMAC013202	AMAC006615	94.714	227	12	0	1	227	1	227	1.31e-141	384
APIS010174	APIS010174	100.000	217	0	0	1	217	1	217	6.22e-163	436
APIS010174	APIS002291	21.512	172	108	8	1	160	1	157	6.08e-07	35.0
APIS002291	APIS002291	100.000	225	0	0	1	225	1	225	1.26e-174	466
APIS002291	APIS010174	21.512	172	108	8	1	157	1	160	6.30e-07	35.0
APLA004513	APLA004513	100.000	217	0	0	1	217	1	217	1.98e-162	435
APLA004513	APLA013032	25.275	91	58	4	62	144	34	122	0.002	23.9
APLA004513	APLA013032	38.095	21	13	0	20	40	162	182	0.39	17.3
APLA013032	APLA013032	100.000	194	0	0	1	194	1	194	1.42e-148	398
APLA013032	APLA004513	25.275	91	58	4	34	122	62	144	0.002	23.9
APLA013032	APLA004513	38.095	21	13	0	162	182	20	40	0.35	17.3
AQUE041456	AQUE041456	100.000	221	0	0	1	221	1	221	4.33e-170	454
AQUE033740	AQUE033740	100.000	126	0	0	1	126	1	126	1.64e-94	256
ASPE008524	ASPE008524	100.000	221	0	0	1	221	1	221	8.89e-166	444
ASPE008524	ASPE004967	21.429	154	99	7	1	149	1	137	0.98	15.8
ASPE004967	ASPE004967	100.000	158	0	0	1	158	1	158	2.74e-120	323
ASPE004967	ASPE008524	21.429	154	99	7	1	137	1	149	0.70	15.8
ASUB000815	ASUB000815	100.000	228	0	0	1	228	1	228	2.53e-173	464
ASUB000815	ASUB006077	29.213	89	60	2	117	203	110	197	0.018	21.6
ASUB006077	ASUB006077	100.000	221	0	0	1	221	1	221	8.79e-169	451
ASUB006077	ASUB000815	29.213	89	60	2	110	197	117	203	0.018	21.6
ATHA039906	ATHA039906	100.000	226	0	0	1	226	1	226	5.79e-174	465
ATHA039906	ATHA019604	25.581	86	57	3	93	171	91	176	1.77e-04	27.7
ATHA039906	ATHA019604	18.421	76	43	2	115	190	85	141	0.32	17.7
ATHA019604	ATHA019604	100.000	221	0	0	1	221	1	221	4.43e-170	455
ATHA019604	ATHA039906	25.581	86	57	3	91	176	93	171	1.73e-04	27.7
ATHA019604	ATHA039906	18.421	76	43	2	85	141	115	190	0.32	17.7
ATRI005975	ATRI005975	100.000	107	0	0	1	107	1	107	6.28e-82	222
ATRI019978	ATRI019978	100.000	221	0	0	1	221	1	221	2.73e-169	452
AVAG028642	AVAG028642	100.000	226	0	0	1	226	1	226	3.34e-172	461
AVAG028642	AVAG046838	98.446	193	3	0	1	193	1	193	4.00e-143	387
AVAG046838	AVAG046838	100.000	194	0	0	1	194	1	194	5.51e-148	397
AVAG046838	AVAG028642	98.446	193	3	0	1	193	1	193	3.43e-143	387
AVAG014519	AVAG014519	100.000	215	0	0	1	215	1	215	8.21e-164	439
AVAG014519	AVAG024521	99.070	215	2	0	1	215	1	215	6.25e-163	437
AVAG024521	AVAG024521	100.000	215	0	0	1	215	1	215	1.10e-163	439
AVAG024521	AVAG014519	99.070	215	2	0	1	215	1	215	6.25e-163	437
BANT011906	BANT011906	100.000	175	0	0	1	175	1	175	1.80e-133	358
BANT009012	BANT009012	100.000	214	0	0	1	214	1	214	1.13e-163	438
BBEL022819	BBEL022819	100.000	221	0	0	1	221	1	221	7.77e-169	452
BBEL032909	BBEL032909	100.000	217	0	0	1	217	1	217	6.86e-164	439
BBIG001170	BBIG001170	100.000	217	0	0	1	217	1	217	6.10e-169	451
BBRI000892	BBRI000892	100.000	239	0	0	1	239	1	239	0.0	488
BBRI000892	BBRI002243	60.000	10	4	0	83	92	122	131	0.069	20.0
BBRI000892	BBRI002243	22.619	252	151	9	7	239	14	240	0.55	17.3
BBRI002243	BBRI002243	100.000	240	0	0	1	240	1	240	0.0	485
BBRI002243	BBRI000892	60.000	10	4	0	122	131	83	92	0.069	20.0
BBRI002243	BBRI000892	22.619	252	151	9	14	240	7	239	0.56	17.3
BDEN001896	BDEN001896	100.000	214	0	0	1	214	1	214	2.16e-162	435
BDEN001896	BDEN000748	25.170	147	93	7	54	188	53	194	0.002	24.3
BDEN000748	BDEN000748	100.000	221	0	0	1	221	1	221	5.47e-171	457
BDEN000748	BDEN001896	25.170	147	93	7	53	194	54	188	0.002	24.3
BFLO023383	BFLO023383	100.000	217	0	0	1	217	1	217	3.70e-164	439
BFLO006517_insertion	BFLO006517_insertion	100.000	201	0	0	1	201	1	201	2.86e-154	413
BGLA012277_deletion	BGLA012277_deletion	100.000	166	0	0	1	166	1	166	3.58e-128	343
BMAL003997	BMAL003997	100.000	217	0	0	1	217	1	217	8.94e-166	444
BMAL003997	BMAL002603	23.944	142	97	5	30	161	27	167	1.06e-06	34.3
BMAL002603	BMAL002603	100.000	223	0	0	1	223	1	223	1.91e-170	456
BMAL002603	BMAL003997	23.944	142	97	5	27	167	30	161	1.09e-06	34.3
BMER002916	BMER002916	100.000	217	0	0	1	217	1	217	6.36e-164	439
BMER002916	BMER008008	23.333	90	57	4	65	144	62	149	0.016	21.6
BMER008008	BMER008008	100.000	221	0	0	1	221	1	221	1.43e-170	456
BMER008008	BMER002916	23.333	90	57	4	62	149	65	144	0.016	21.6
BMOR013262	BMOR013262	100.000	217	0	0	1	217	1	217	2.09e-165	442
BMOR013262	BMOR001690	21.387	173	118	5	1	161	1	167	3.39e-09	42.0
BMOR001690	BMOR001690	100.000	225	0	0	1	225	1	225	1.22e-172	461
BMOR001690	BMOR013262	21.387	173	118	5	1	167	1	161	3.52e-09	42.0
BNAT006691	BNAT006691	100.000	222	0	0	1	222	1	222	1.34e-169	454
BNAT006691	BNAT016121	41.176	17	10	0	123	139	103	119	0.83	16.5
BNAT016121	BNAT016121	100.000	228	0	0	1	228	1	228	6.41e-177	473
BNAT016121	BNAT006691	41.176	17	10	0	103	119	123	139	0.85	16.5
BSAL017962	BSAL017962	100.000	385	0	0	1	385	1	385	0.0	793
BSCH021726	BSCH021726	100.000	157	0	0	1	157	1	157	1.32e-121	326
CANG007172	CANG007172	100.000	222	0	0	1	222	1	222	2.03e-170	455
CANG007351	CANG007351	100.000	110	0	0	1	110	1	110	4.52e-79	215
CCOR005815	CCOR005815	100.000	221	0	0	1	221	1	221	2.01e-167	447
CCRI007445	CCRI007445	100.000	156	0	0	1	156	1	156	1.00e-119	321
CELE011878	CELE011878	100.000	218	0	0	1	218	1	218	2.00e-165	443
CELE011878	CELE020584	20.809	173	120	6	1	162	1	167	3.52e-08	38.9
CELE020584	CELE020584	100.000	223	0	0	1	223	1	223	1.07e-171	459
CELE020584	CELE011878	20.809	173	120	6	1	167	1	162	3.60e-08	38.9
CFRA000212	CFRA000212	100.000	224	0	0	1	224	1	224	1.93e-171	458
CFRA000212	CFRA001324	21.192	151	96	7	2	147	2	134	6.88e-04	25.8
CFRA000212	CFRA001324	29.412	17	12	0	82	98	195	211	7.8	13.5
CFRA001324	CFRA001324	100.000	221	0	0	1	221	1	221	5.37e-170	454
CFRA001324	CFRA000212	21.192	151	96	7	2	134	2	147	6.79e-04	25.8
CFRA001324	CFRA000212	29.412	17	12	0	195	211	82	98	7.7	13.5
CGIG017711	CGIG017711	100.000	217	0	0	1	217	1	217	1.35e-165	443
CGIG017711	CGIG019517	25.749	167	92	10	15	162	5	158	3.93e-04	26.6
CGIG017711	CGIG019517	41.176	17	10	0	27	43	174	190	1.5	15.4
CGIG019517	CGIG019517	100.000	221	0	0	1	221	1	221	1.10e-170	456
CGIG019517	CGIG017711	25.749	167	92	10	5	158	15	162	4.00e-04	26.6
CGIG019517	CGIG017711	41.176	17	10	0	174	190	27	43	1.6	15.4
CINT001547	CINT001547	100.000	222	0	0	1	222	1	222	8.34e-173	461
CMER001823	CMER001823	100.000	222	0	0	1	222	1	222	2.53e-169	453
CMER001823	CMER004048	42.857	7	4	0	114	120	110	116	5.3	13.9
CMER001823	CMER004048	80.000	5	1	0	85	89	135	139	6.6	13.9
CMER004048	CMER004048	100.000	234	0	0	1	234	1	234	7.07e-174	466
CMER004048	CMER001823	42.857	7	4	0	110	116	114	120	5.5	13.9
CMER004048	CMER001823	80.000	5	1	0	135	139	85	89	6.9	13.9
CMIL006842	CMIL006842	100.000	217	0	0	1	217	1	217	4.04e-164	440
CMIL006842	CMIL001313	99.539	217	1	0	1	217	1	217	1.28e-163	439
CMIL001313	CMIL001313	100.000	217	0	0	1	217	1	217	2.31e-164	441
CMIL001313	CMIL006842	99.539	217	1	0	1	217	1	217	1.28e-163	439
CMIL019980	CMIL019980	100.000	221	0	0	1	221	1	221	5.63e-169	452
CMIL019980	CMIL006842	26.374	91	57	4	61	149	62	144	8.78e-05	29.3
CNEO005888	CNEO005888	100.000	252	0	0	1	252	1	252	0.0	515
CNEO005888	CNEO001315	37.143	35	22	0	142	176	167	201	0.45	17.7
CNEO005888	CNEO001315	40.000	10	6	0	56	65	207	216	6.7	13.9
CNEO001315	CNEO001315	100.000	251	0	0	1	251	1	251	0.0	502
CNEO001315	CNEO005888	37.143	35	22	0	167	201	142	176	0.70	16.9
CNEO001315	CNEO005888	40.000	10	6	0	207	216	56	65	6.7	13.9
COKA011264	COKA011264	100.000	250	0	0	1	250	1	250	0.0	489
COWC001150	COWC001150	100.000	217	0	0	1	217	1	217	1.66e-166	444
CPAR024686	CPAR024686	100.000	243	0	0	1	243	1	243	0.0	493
CPAR024686	CPAR010603	26.190	168	94	7	2	152	2	156	3.66e-06	32.7
CPAR010603	CPAR010603	100.000	197	0	0	1	197	1	197	2.03e-140	378
CPAR010603	CPAR024686	26.190	168	94	7	2	156	2	152	2.97e-06	32.7
CREI010767	CREI010767	100.000	246	0	0	1	246	1	246	1.95e-180	483
CREI010767	CREI007393	35.185	54	33	1	96	147	91	144	1.00e-04	28.9
CREI010767	CREI007393	83.333	6	1	0	140	145	205	210	4.9	14.2
CREI007393	CREI007393	100.000	221	0	0	1	221	1	221	2.54e-167	448
CREI007393	CREI010767	35.185	54	33	1	91	144	96	147	8.39e-05	28.9
CREI007393	CREI010767	36.842	38	18	2	179	210	108	145	3.4	14.6
CREV000305	CREV000305	100.000	221	0	0	1	221	1	221	3.22e-166	445
CREV000967	CREV000967	100.000	228	0	0	1	228	1	228	2.82e-174	466
CSUB000703	CSUB000703	100.000	221	0	0	1	221	1	221	6.41e-170	454
CTEL006251	CTEL006251	100.000	221	0	0	1	221	1	221	8.29e-170	454
CTEL006251	CTEL004346	24.026	154	102	6	1	149	1	144	1.37e-06	34.3
CTEL006251	CTEL004346	38.095	21	13	0	161	181	46	66	4.1	14.2
CTEL004346	CTEL004346	100.000	217	0	0	1	217	1	217	1.92e-164	440
CTEL004346	CTEL006251	24.026	154	102	6	1	144	1	149	1.35e-06	34.3
CTEL004346	CTEL006251	38.095	21	13	0	46	66	161	181	4.0	14.2
CVAR000644	CVAR000644	100.000	151	0	0	1	151	1	151	5.11e-112	302
CVAR000644	CVAR009169	66.667	6	2	0	80	85	41	46	7.6	12.7
CVAR009169	CVAR009169	100.000	222	0	0	1	222	1	222	4.87e-169	452
CVEL021774	CVEL021774	100.000	235	0	0	1	235	1	235	1.37e-174	468
CVEL021774	CVEL010510	27.273	22	16	0	8	29	100	121	5.8	14.2
CVEL021774	CVEL010510	50.000	16	7	1	127	142	58	72	8.0	13.9
CVEL010510	CVEL010510	100.000	313	0	0	1	313	1	313	0.0	614
CVEL010510	CVEL021774	21.429	84	59	2	100	177	8	90	5.3	14.6
DDIS010760	DDIS010760	100.000	226	0	0	1	226	1	226	5.99e-170	455
DDIS010760	DDIS011327	37.500	16	10	0	197	212	22	37	2.9	14.6
DDIS010760	DDIS011327	26.829	41	30	0	128	168	127	167	3.9	14.2
DDIS010760	DDIS011327	27.778	18	13	0	126	143	91	108	8.8	13.5
DDIS011327	DDIS011327	100.000	223	0	0	1	223	1	223	4.66e-169	452
DDIS011327	DDIS010760	37.500	16	10	0	22	37	197	212	2.4	15.0
DDIS011327	DDIS010760	26.829	41	30	0	127	167	128	168	2.6	15.0
DDIS011327	DDIS010760	27.778	18	13	0	91	108	126	143	9.5	13.1
DMAG016310	DMAG016310	100.000	228	0	0	1	228	1	228	2.67e-176	471
DMAG016310	DMAG012639	20.000	120	81	4	62	180	59	164	0.013	21.9
DMAG012639	DMAG012639	100.000	213	0	0	1	213	1	213	1.10e-164	441
DMAG012639	DMAG016310	20.000	120	81	4	59	164	62	180	0.011	22.3
DMEL020552	DMEL020552	100.000	225	0	0	1	225	1	225	6.09e-173	462
DMEL020552	DMEL003734	26.490	151	99	4	1	148	1	142	2.51e-08	39.3
DMEL020552	DMEL003734	32.609	46	27	2	136	178	17	61	0.42	17.3
DMEL003734	DMEL003734	100.000	214	0	0	1	214	1	214	8.06e-161	431
DMEL003734	DMEL020552	26.490	151	99	4	1	142	1	148	2.39e-08	39.3
DMEL003734	DMEL020552	32.609	46	27	2	17	61	136	178	0.40	17.3
DPUL014565	DPUL014565	100.000	217	0	0	1	217	1	217	1.77e-164	440
DPUL014565	DPUL011969	23.529	68	46	2	63	125	62	128	1.49e-04	28.1
DPUL014565	DPUL011969	33.333	18	12	0	49	66	171	188	3.7	14.2
DPUL011969	DPUL011969	100.000	228	0	0	1	228	1	228	3.92e-176	471
DPUL011969	DPUL014565	23.529	68	46	2	62	128	63	125	1.57e-04	28.1
DPUL011969	DPUL014565	33.333	18	12	0	171	188	49	66	3.9	14.2
DRER041909	DRER041909	100.000	221	0	0	1	221	1	221	6.17e-169	452
DRER041909	DRER014978	27.119	59	41	1	91	149	88	144	0.001	25.0
DRER041909	DRER014978	44.444	9	5	0	18	26	180	188	7.9	13.5
DRER014978	DRER014978	100.000	217	0	0	1	217	1	217	2.42e-163	437
DRER014978	DRER041909	27.119	59	41	1	88	144	91	149	0.001	25.0
DRER014978	DRER041909	44.444	9	5	0	180	188	18	26	7.8	13.5
EGRA018845	EGRA018845	100.000	101	0	0	1	101	1	101	4.23e-76	207
EGRA018845	EGRA025702	27.273	22	16	0	62	83	50	71	0.70	15.4
EGRA016155	EGRA016155	100.000	215	0	0	1	215	1	215	9.79e-163	436
EGRA016155	EGRA018845	23.288	73	40	2	19	75	4	76	1.6	15.4
EGRA025702	EGRA025702	100.000	138	0	0	1	138	1	138	1.32e-98	267
EGRA025702	EGRA018845	27.273	22	16	0	50	71	62	83	1.1	15.0
EHIS001827	EHIS001827	100.000	208	0	0	1	208	1	208	1.01e-158	425
EHIS001827	EHIS005094	22.222	54	41	1	64	117	86	138	0.064	19.6
EHIS001827	EHIS005094	43.750	16	9	0	125	140	109	124	0.12	18.9
EHIS001827	EHIS005094	41.379	29	16	1	81	109	7	34	0.32	17.7
EHIS001827	EHIS005094	42.857	14	8	0	131	144	8	21	3.3	14.2
EHIS005094	EHIS005094	100.000	211	0	0	1	211	1	211	1.36e-158	425
EHIS005094	EHIS001827	22.222	54	41	1	86	138	64	117	0.065	19.6
EHIS005094	EHIS001827	43.750	16	9	0	109	124	125	140	0.12	18.9
EHIS005094	EHIS001827	41.379	29	16	1	7	34	81	109	0.32	17.7
EHIS005094	EHIS001827	42.857	14	8	0	8	21	131	144	3.3	14.2
EINV000188	EINV000188	100.000	208	0	0	1	208	1	208	1.70e-160	429
EINV000188	EINV007386	28.846	52	33	2	1	52	61	108	0.31	17.7
EINV000188	EINV007386	45.455	11	6	0	77	87	157	167	0.70	16.5
EINV000188	EINV007386	50.000	12	6	0	178	189	150	161	0.81	16.2
EINV007386	EINV007386	100.000	217	0	0	1	217	1	217	1.06e-165	443
EINV007386	EINV000188	28.846	52	33	2	61	108	1	52	0.32	17.7
EINV007386	EINV000188	45.455	11	6	0	157	167	77	87	0.73	16.5
EINV007386	EINV000188	50.000	12	6	0	150	161	178	189	0.85	16.2
EMUL003369	EMUL003369	100.000	223	0	0	1	223	1	223	1.89e-173	463
EMUL003369	EMUL000614	25.000	68	35	3	2	54	2	68	0.96	16.2
EMUL003369	EMUL000614	50.000	8	4	0	28	35	94	101	3.4	14.6
EMUL000614	EMUL000614	100.000	233	0	0	1	233	1	233	2.04e-174	467
EMUL000614	EMUL003369	25.000	68	35	3	2	68	2	54	1.0	16.2
EMUL000614	EMUL003369	50.000	8	4	0	94	101	28	35	3.5	14.6
ESIL006971	ESIL006971	100.000	222	0	0	1	222	1	222	6.64e-169	452
ESIL006971	ESIL015322	29.213	89	45	4	124	212	9	79	0.67	16.9
ESIL015322	ESIL015322	100.000	249	0	0	1	249	1	249	0.0	492
ESIL015322	ESIL006971	29.213	89	45	4	9	79	124	212	0.57	17.3
ESIL015322	ESIL006971	25.000	112	57	5	131	215	111	222	0.94	16.5
FALB000885	FALB000885	100.000	232	0	0	1	232	1	232	2.61e-178	477
FALB000885	FALB000884	100.000	219	0	0	1	219	1	219	2.71e-168	451
FALB000885	FALB000884	71.429	7	2	0	226	232	112	118	9.6	13.9
FALB000884	FALB000884	100.000	223	0	0	1	223	1	223	9.28e-172	460
FALB000884	FALB000885	100.000	219	0	0	1	219	1	219	2.61e-168	451
FALB000884	FALB000885	71.429	7	2	0	112	118	226	232	9.7	13.9
FALB006204	FALB006204	100.000	236	0	0	1	236	1	236	2.18e-176	473
FALB006204	FALB000884	25.000	20	15	0	60	79	26	45	4.6	15.0
FCYL002538	FCYL002538	100.000	218	0	0	1	218	1	218	1.23e-169	453
FCYL004107	FCYL004107	100.000	256	0	0	1	256	1	256	0.0	524
FCYL004107	FCYL002538	57.143	7	3	0	96	102	174	180	6.7	13.9
FOXY003052	FOXY003052	100.000	240	0	0	1	240	1	240	4.83e-177	473
GINT006114	GINT006114	100.000	211	0	0	1	211	1	211	1.71e-163	436
GMOR008553	GMOR008553	100.000	225	0	0	1	225	1	225	7.17e-173	462
GMOR008553	GMOR001096	22.754	167	111	5	2	159	2	159	3.60e-05	29.6
GMOR001096	GMOR001096	100.000	214	0	0	1	214	1	214	3.04e-160	429
GMOR001096	GMOR008553	22.754	167	111	5	2	159	2	159	3.42e-05	29.6
GPRO007880	GPRO007880	100.000	221	0	0	1	221	1	221	7.41e-169	452
GPRO007880	GPRO010424	47.619	21	10	1	86	105	225	245	0.51	17.3
GPRO007880	GPRO010424	26.923	52	22	2	1	38	1	50	0.56	16.9
GPRO007880	GPRO010424	27.273	22	15	1	58	78	171	192	7.1	13.5
GPRO010424	GPRO010424	100.000	261	0	0	1	261	1	261	0.0	534
GPRO010424	GPRO007880	47.619	21	10	1	225	245	86	105	0.72	16.9
GPRO010424	GPRO007880	40.000	15	9	0	36	50	24	38	1.2	16.2
GPRO010424	GPRO007880	27.273	22	15	1	171	192	58	78	7.7	13.9
GSAL002470	GSAL002470	100.000	197	0	0	1	197	1	197	6.89e-150	401
GSUL002972	GSUL002972	100.000	234	0	0	1	234	1	234	7.89e-177	473
GSUL002972	GSUL001697	45.000	20	3	2	53	65	73	91	4.9	14.2
GSUL001697	GSUL001697	100.000	219	0	0	1	219	1	219	3.53e-168	450
GSUL001697	GSUL002972	45.000	20	3	2	73	91	53	65	4.6	14.2
GTHE015957	GTHE015957	100.000	84	0	0	1	84	1	84	1.01e-61	169
GTHE018519	GTHE018519	100.000	221	0	0	1	221	1	221	4.74e-169	452
HAZT017822	HAZT017822	100.000	229	0	0	1	229	1	229	3.28e-174	465
HPAR002259	HPAR002259	100.000	258	0	0	1	258	1	258	0.0	531
HPAR002259	HPAR012460	31.148	61	37	2	91	148	92	150	4.71e-07	35.8
HPAR002259	HPAR012460	33.333	15	10	0	84	98	131	145	3.0	15.0
HPAR012460	HPAR012460	100.000	220	0	0	1	220	1	220	5.39e-171	457
HPAR012460	HPAR002259	31.148	61	37	2	92	150	91	148	4.02e-07	35.8
HPAR012460	HPAR002259	33.333	15	10	0	131	145	84	98	2.5	15.0
HROB014562	HROB014562	100.000	217	0	0	1	217	1	217	7.84e-166	444
HROB014562	HROB004525	24.242	132	87	5	2	125	2	128	2.79e-07	36.2
HROB004525	HROB004525	100.000	223	0	0	1	223	1	223	3.73e-172	460
HROB004525	HROB014562	24.242	132	87	5	2	128	2	125	2.87e-07	36.2
HSAP084404	HSAP084404	100.000	221	0	0	1	221	1	221	4.35e-168	450
HSAP084404	HSAP091046	26.374	91	57	4	61	149	62	144	1.28e-04	28.1
HSAP091046	HSAP091046	100.000	217	0	0	1	217	1	217	2.83e-162	435
HSAP091046	HSAP084404	26.374	91	57	4	62	144	61	149	1.26e-04	28.1
HVUL003026	HVUL003026	100.000	217	0	0	1	217	1	217	4.52e-164	439
HVUL003026	HVUL002322	22.772	101	74	3	88	186	91	189	5.75e-04	26.2
HVUL002322	HVUL002322	100.000	221	0	0	1	221	1	221	3.60e-170	455
HVUL002322	HVUL003026	22.772	101	74	3	91	189	88	186	5.86e-04	26.2
ILIN001598	ILIN001598	100.000	187	0	0	1	187	1	187	3.96e-138	371
ILIN001598	ILIN007722	23.077	78	56	1	32	109	10	83	0.042	20.0
ILIN007722	ILIN007722	100.000	208	0	0	1	208	1	208	1.27e-159	427
ILIN007722	ILIN001598	23.077	78	56	1	10	83	32	109	0.046	20.0
IMUL003337	IMUL003337	100.000	112	0	0	1	112	1	112	2.28e-82	223
ISCA004074	ISCA004074	100.000	223	0	0	1	223	1	223	8.64e-170	454
ISCA010542_deletion	ISCA010542_deletion	100.000	195	0	0	1	195	1	195	4.71e-145	389
KFLA002032	KFLA002032	100.000	225	0	0	1	225	1	225	1.56e-169	454
KFLA002032	KFLA007523	29.310	58	29	2	157	202	93	150	4.0	14.2
KFLA007523	KFLA007523	100.000	221	0	0	1	221	1	221	4.13e-170	455
KFLA007523	KFLA002032	29.310	58	29	2	93	150	157	202	5.1	13.9
KLAC002142	KLAC002142	100.000	206	0	0	1	206	1	206	1.01e-154	415
KLAC002142	KLAC004610	22.222	45	28	2	153	197	53	90	1.1	15.8
KLAC002142	KLAC004610	41.667	12	7	0	107	118	102	113	3.7	14.2
KLAC002142	KLAC004610	26.667	15	11	0	62	76	117	131	8.3	13.1
KLAC004610	KLAC004610	100.000	209	0	0	1	209	1	209	1.55e-161	432
KLAC004610	KLAC002142	22.222	45	28	2	53	90	153	197	1.2	15.8
KLAC004610	KLAC002142	41.667	12	7	0	102	113	107	118	3.7	14.2
KLAC004610	KLAC002142	26.667	15	11	0	117	131	62	76	8.4	13.1
LANA011655_domain_1	LANA011655_domain_1	100.000	214	0	0	1	214	1	214	6.55e-159	426
LANA011655_domain_1	LANA014289	100.000	202	0	0	1	202	1	202	1.08e-150	405
LANA011655_domain_2	LANA011655_domain_2	100.000	97	0	0	1	97	1	97	7.47e-67	184
LANA011655_domain_2	LANA011655_domain_1	98.837	86	1	0	8	93	128	213	2.13e-56	162
LANA011655_domain_2	LANA011655_domain_1	100.000	9	0	0	1	9	206	214	0.019	20.4
LANA011655_domain_2	LANA011655_domain_1	25.000	60	29	2	48	97	7	60	0.14	18.1
LANA014289	LANA014289	100.000	202	0	0	1	202	1	202	6.79e-151	405
LANA014289	LANA011655_domain_1	100.000	202	0	0	1	202	1	202	1.02e-150	405
LANA024902	LANA024902	100.000	221	0	0	1	221	1	221	3.85e-170	456
LANA024902	LANA011655_domain_1	28.108	185	103	10	18	189	18	185	9.46e-06	32.3
LCOR003914	LCOR003914	100.000	225	0	0	1	225	1	225	1.12e-174	467
LCOR003914	LCOR006474	36.000	25	9	1	138	162	125	142	1.6	15.4
LCOR003914	LCOR006474	66.667	6	2	0	149	154	105	110	3.0	14.6
LCOR006474	LCOR006474	100.000	214	0	0	1	214	1	214	8.66e-164	438
LCOR006474	LCOR003914	36.000	25	9	1	125	142	138	162	1.5	15.4
LCOR006474	LCOR003914	66.667	6	2	0	105	110	149	154	2.9	14.6
LGIG015211	LGIG015211	100.000	221	0	0	1	221	1	221	7.02e-171	457
LGIG015211	LGIG012394	26.144	153	98	7	2	149	2	144	8.76e-08	37.7
LGIG012394	LGIG012394	100.000	217	0	0	1	217	1	217	4.76e-166	444
LGIG012394	LGIG015211	26.144	153	98	7	2	144	2	149	8.60e-08	37.7
LMAJ005864	LMAJ005864	100.000	269	0	0	1	269	1	269	0.0	552
LMAJ005864	LMAJ000676	60.000	10	4	0	51	60	274	283	2.1	15.8
LMAJ005864	LMAJ000676	27.049	122	63	7	135	241	175	285	3.2	15.4
LMAJ000676	LMAJ000676	100.000	327	0	0	1	327	1	327	0.0	667
LMAJ000676	LMAJ005864	27.049	122	63	7	175	285	135	241	2.4	16.2
LPEN001664	LPEN001664	100.000	212	0	0	1	212	1	212	5.14e-160	429
LPEN001664	LPEN006947	41.667	12	7	0	200	211	18	29	1.3	15.8
LPEN006947	LPEN006947	100.000	222	0	0	1	222	1	222	4.56e-168	450
LPEN006947	LPEN001664	41.667	12	7	0	18	29	200	211	1.5	15.8
LPOL006624	LPOL006624	100.000	217	0	0	1	217	1	217	1.22e-161	433
LPOL006624	LPOL007620	24.812	133	86	5	30	150	27	157	2.87e-06	33.1
LPOL007620	LPOL007620	100.000	223	0	0	1	223	1	223	5.34e-173	462
LPOL007620	LPOL006624	24.812	133	86	5	27	157	30	150	2.95e-06	33.1
LSAL003081	LSAL003081	100.000	224	0	0	1	224	1	224	4.81e-171	457
LSAL003081	LSAL012278	23.977	171	111	7	2	165	2	160	3.04e-06	33.1
LSAL003081	LSAL012278	34.783	23	14	1	35	56	150	172	1.4	15.8
LSAL012278	LSAL012278	100.000	216	0	0	1	216	1	216	2.28e-163	437
LSAL012278	LSAL003081	23.977	171	111	7	2	160	2	165	2.94e-06	33.1
LSAL012278	LSAL003081	34.783	23	14	1	150	172	35	56	1.4	15.8
LTRA002092	LTRA002092	100.000	263	0	0	1	263	1	263	0.0	542
LTRA002092	LTRA008951	26.446	121	80	5	91	208	85	199	0.001	25.8
LTRA008951	LTRA008951	100.000	218	0	0	1	218	1	218	1.22e-165	443
LTRA008951	LTRA002092	23.140	121	84	4	85	199	91	208	0.002	24.3
MBRE006872	MBRE006872	100.000	236	0	0	1	236	1	236	0.0	487
MBRE006872	MBRE002293	46.154	13	7	0	136	148	62	74	5.1	13.9
MBRE002293	MBRE002293	100.000	124	0	0	1	124	1	124	6.78e-95	256
MBRE002293	MBRE006872	46.154	13	7	0	62	74	136	148	2.7	13.9
MCIR001405	MCIR001405	100.000	193	0	0	1	193	1	193	2.11e-149	400
MCIR001405	MCIR010100	32.258	31	17	1	163	189	41	71	0.23	17.7
MCIR010100	MCIR010100	100.000	213	0	0	1	213	1	213	1.22e-162	435
MCIR010100	MCIR001405	32.258	31	17	1	41	71	163	189	0.31	17.7
MELO003104	MELO003104	100.000	218	0	0	1	218	1	218	1.64e-165	443
MELO003104	MELO005376	28.205	39	28	0	85	123	80	118	0.014	21.9
MELO005376	MELO005376	100.000	248	0	0	1	248	1	248	0.0	511
MELO005376	MELO003104	28.205	39	28	0	80	118	85	123	0.016	21.9
MLAR014489	MLAR014489	100.000	257	0	0	1	257	1	257	0.0	525
MLAR002998	MLAR002998	100.000	245	0	0	1	245	1	245	0.0	489
MLEI002354	MLEI002354	100.000	213	0	0	1	213	1	213	3.55e-163	437
MLEI002354	MLEI014332	22.069	145	85	5	40	174	41	167	2.39e-04	26.9
MLEI014332	MLEI014332	100.000	206	0	0	1	206	1	206	6.68e-159	425
MLEI014332	MLEI002354	22.069	145	85	5	41	167	40	174	2.31e-04	26.9
MMUS014057	MMUS014057	100.000	221	0	0	1	221	1	221	2.77e-168	450
MMUS014057	MMUS039400	27.473	91	56	4	61	149	62	144	3.07e-05	30.0
MMUS039400	MMUS039400	100.000	217	0	0	1	217	1	217	1.60e-162	435
MMUS039400	MMUS014057	27.473	91	56	4	62	144	61	149	3.02e-05	30.0
MNEG010299	MNEG010299	100.000	237	0	0	1	237	1	237	1.16e-167	450
MNEG010299	MNEG008768	31.707	41	24	1	87	127	56	92	4.6	14.2
MNEG008768	MNEG008768	100.000	221	0	0	1	221	1	221	1.37e-165	443
MNEG008768	MNEG010299	31.707	41	24	1	56	92	87	127	1.8	15.4
MONO003847	MONO003847	100.000	202	0	0	1	202	1	202	1.39e-152	409
MONO003847	MONO002653	82.949	217	22	1	1	202	2	218	7.53e-130	352
MONO014185	MONO014185	100.000	216	0	0	1	216	1	216	1.41e-165	443
MONO014185	MONO002653	35.714	14	9	0	186	199	1	14	6.2	14.2
MONO002653	MONO002653	100.000	218	0	0	1	218	1	218	7.80e-166	444
MONO002653	MONO003847	82.949	217	22	1	2	218	1	202	8.13e-130	352
MOSM004090	MOSM004090	100.000	240	0	0	1	240	1	240	0.0	486
MOSM004090	MOSM001554	50.000	18	7	1	169	184	42	59	0.80	16.9
MOSM004090	MOSM001554	71.429	7	2	0	78	84	75	81	2.4	15.4
MOSM001554	MOSM001554	100.000	264	0	0	1	264	1	264	0.0	535
MOSM001554	MOSM004090	50.000	18	7	1	42	59	169	184	0.90	16.9
MOSM001554	MOSM004090	71.429	7	2	0	75	81	78	84	2.6	15.4
MPOL005298	MPOL005298	100.000	221	0	0	1	221	1	221	1.26e-170	456
MPOL005298	MPOL002787	40.909	22	12	1	99	119	117	138	0.49	17.3
MPOL002787	MPOL002787	100.000	225	0	0	1	225	1	225	4.42e-170	455
MPOL002787	MPOL005298	40.909	22	12	1	117	138	99	119	0.50	17.3
MPTE004544	MPTE004544	100.000	229	0	0	1	229	1	229	2.23e-173	464
MPTE004544	MPTE007157	50.000	12	6	0	21	32	71	82	1.5	15.4
MPTE004544	MPTE007157	44.444	18	10	0	57	74	88	105	3.4	14.6
MPTE007157	MPTE007157	100.000	184	0	0	1	184	1	184	1.15e-139	375
MPTE007157	MPTE004544	50.000	12	6	0	71	82	21	32	1.2	15.8
MPTE007157	MPTE004544	44.444	18	10	0	88	105	57	74	2.7	14.6
MSPE006821	MSPE006821	100.000	235	0	0	1	235	1	235	1.39e-180	483
MSPE006821	MSPE001110	25.806	93	63	3	94	184	91	179	1.28e-04	28.5
MSPE001110	MSPE001110	100.000	229	0	0	1	229	1	229	2.02e-172	461
MSPE001110	MSPE006821	25.000	100	69	3	91	186	94	191	8.46e-05	28.9
MVER008736	MVER008736	100.000	243	0	0	1	243	1	243	0.0	501
MVER008736	MVER007937	21.239	113	71	2	92	186	85	197	0.003	24.3
MVER007937	MVER007937	100.000	218	0	0	1	218	1	218	3.89e-166	444
MVER007937	MVER008736	21.239	113	71	2	85	197	92	186	0.002	24.3
NCRA010907	NCRA010907	100.000	241	0	0	1	241	1	241	1.32e-177	476
NCRA010907	NCRA004248	28.000	125	72	5	41	152	45	164	0.006	23.5
NCRA010907	NCRA004248	55.556	9	4	0	75	83	221	229	5.7	14.2
NCRA004248	NCRA004248	100.000	235	0	0	1	235	1	235	9.22e-179	478
NCRA004248	NCRA010907	28.000	125	72	5	45	164	41	152	0.006	23.5
NCRA004248	NCRA010907	55.556	9	4	0	221	229	75	83	4.9	14.2
NGAD001444	NGAD001444	100.000	220	0	0	1	220	1	220	2.02e-169	452
NGRU007019	NGRU007019	100.000	228	0	0	1	228	1	228	4.17e-176	471
NGRU007019	NGRU007081	50.000	8	4	0	90	97	72	79	8.7	13.5
NGRU007081	NGRU007081	100.000	230	0	0	1	230	1	230	1.73e-176	472
NGRU007081	NGRU007019	50.000	8	4	0	72	79	90	97	8.7	13.5
NNUC002559	NNUC002559	100.000	227	0	0	1	227	1	227	8.00e-173	462
NNUC002559	NNUC023735	23.529	102	72	2	93	188	91	192	0.018	21.6
NNUC002559	NNUC023735	32.432	37	21	1	20	52	115	151	4.9	14.2
NNUC023735	NNUC023735	100.000	221	0	0	1	221	1	221	8.76e-170	454
NNUC023735	NNUC002559	23.529	102	72	2	91	192	93	188	0.018	21.6
NNUC023735	NNUC002559	32.432	37	21	1	115	151	20	52	4.8	14.2
NSPE003473	NSPE003473	100.000	221	0	0	1	221	1	221	2.23e-166	446
NSPE003473	NSPE015104	22.727	154	104	5	1	150	1	143	6.32e-04	26.2
NSPE015104	NSPE015104	100.000	220	0	0	1	220	1	220	3.65e-165	442
NSPE015104	NSPE003473	22.727	154	104	5	1	143	1	150	6.30e-04	26.2
NUSP008035	NUSP008035	100.000	142	0	0	1	142	1	142	3.70e-107	289
NUSP008035	NUSP010934	93.333	15	1	0	128	142	1	15	4.48e-07	32.7
NUSP010934	NUSP010934	100.000	86	0	0	1	86	1	86	5.76e-60	165
NUSP010934	NUSP008035	93.333	15	1	0	1	15	128	142	2.72e-07	32.7
NUSP002172	NUSP002172	100.000	115	0	0	1	115	1	115	5.89e-85	231
NUSP002172	NUSP008035	36.111	36	21	1	3	38	102	135	7.80e-04	23.9
NVEC018867	NVEC018867	100.000	217	0	0	1	217	1	217	1.17e-163	439
NVEC018867	NVEC016069	98.876	178	2	0	1	178	1	178	4.66e-133	360
NVEC021725	NVEC021725	100.000	220	0	0	1	220	1	220	2.52e-169	453
NVEC016069	NVEC016069	100.000	187	0	0	1	187	1	187	1.99e-141	380
NVEC016069	NVEC018867	98.876	178	2	0	1	178	1	178	4.01e-133	360
OANA007516	OANA007516	100.000	217	0	0	1	217	1	217	6.95e-163	436
OBIM015583	OBIM015583	100.000	216	0	0	1	216	1	216	3.37e-165	442
OBIM015583	OBIM011058	24.648	142	92	7	61	192	31	167	5.52e-05	28.9
OBIM015583	OBIM011058	31.579	38	25	1	2	38	82	119	0.33	17.3
OBIM011058	OBIM011058	100.000	191	0	0	1	191	1	191	2.67e-147	395
OBIM011058	OBIM015583	24.648	142	92	7	31	167	61	192	4.88e-05	28.9
OBIM011058	OBIM015583	31.579	38	25	1	82	119	2	38	0.29	17.3
ODIO008656	ODIO008656	100.000	175	0	0	1	175	1	175	1.76e-132	356
ODIO008656	ODIO009975	29.730	37	23	1	92	125	166	202	2.6	14.2
ODIO008656	ODIO009975	41.667	12	7	0	4	15	163	174	2.9	14.2
ODIO009975	ODIO009975	100.000	213	0	0	1	213	1	213	2.19e-164	439
ODIO009975	ODIO008656	29.730	37	23	1	166	202	92	125	3.2	14.2
ODIO009975	ODIO008656	41.667	12	7	0	163	174	4	15	3.5	14.2
OLUC003696	OLUC003696	100.000	238	0	0	1	238	1	238	8.41e-177	474
OLUC003696	OLUC007562	24.615	130	76	4	41	150	9	136	1.3	16.5
OLUC003312	OLUC007562	100.000	209	0	0	1	209	1	209	8.48e-160	428
OLUC003312	OLUC003312	100.000	209	0	0	1	209	1	209	8.48e-160	428
OLUC007562	OLUC007562	100.000	209	0	0	1	209	1	209	8.48e-160	428
OLUC007562	OLUC003312	100.000	209	0	0	1	209	1	209	8.48e-160	428
OSAT034792	OSAT034792	100.000	221	0	0	1	221	1	221	5.94e-168	450
OSAT034792	OSAT039547	99.095	221	2	0	1	221	1	221	3.44e-166	445
OSAT004709	OSAT004709	100.000	225	0	0	1	225	1	225	3.15e-173	463
OSAT004709	OSAT039547	25.926	54	38	1	92	143	91	144	0.007	23.5
OSAT039547	OSAT039547	100.000	221	0	0	1	221	1	221	9.62e-168	449
OSAT039547	OSAT034792	99.095	221	2	0	1	221	1	221	3.44e-166	445
OSPE005864	OSPE005864	100.000	123	0	0	1	123	1	123	1.90e-92	249
OTRI015408	OTRI018983	100.000	222	0	0	1	222	1	222	4.35e-167	448
OTRI015408	OTRI014717	100.000	222	0	0	1	222	1	222	4.35e-167	448
OTRI008858	OTRI008858	100.000	225	0	0	1	225	1	225	1.56e-172	462
OTRI008858	OTRI018983	22.156	167	106	8	1	155	1	155	0.018	22.7
OTRI014717	OTRI018983	100.000	222	0	0	1	222	1	222	4.35e-167	448
OTRI014717	OTRI014717	100.000	222	0	0	1	222	1	222	4.35e-167	448
OTRI018983	OTRI018983	100.000	222	0	0	1	222	1	222	4.35e-167	448
OTRI018983	OTRI014717	100.000	222	0	0	1	222	1	222	4.35e-167	448
OVOL010665	OVOL010665	100.000	217	0	0	1	217	1	217	1.60e-165	443
OVOL010665	OVOL011435	23.944	142	97	5	30	161	27	167	8.85e-07	34.7
OVOL011435	OVOL011435	100.000	223	0	0	1	223	1	223	1.12e-171	459
OVOL011435	OVOL010665	23.944	142	97	5	27	167	30	161	9.09e-07	34.7
PABI028770	PABI028770	100.000	121	0	0	1	121	1	121	5.94e-91	246
PABI052797	PABI052797	100.000	98	0	0	1	98	1	98	8.40e-75	204
PABI027014	PABI027014	100.000	105	0	0	1	105	1	105	1.94e-76	209
PABI032241	PABI032241	100.000	94	0	0	1	94	1	94	6.77e-68	186
PBLA000109	PBLA000109	100.000	225	0	0	1	225	1	225	3.42e-172	461
PBLA013882	PBLA013882	100.000	215	0	0	1	215	1	215	1.55e-164	440
PBRA007825	PBRA007825	100.000	222	0	0	1	222	1	222	7.12e-171	457
PBRA006508	PBRA006508	100.000	208	0	0	1	208	1	208	3.16e-157	421
PCAU008358	PCAU008358	100.000	217	0	0	1	217	1	217	5.09e-166	443
PETM005743	PETM005743	100.000	221	0	0	1	221	1	221	4.60e-172	459
PFLA000348	PFLA000348	100.000	189	0	0	1	189	1	189	7.67e-144	385
PFLA000348	PFLA027373	88.321	137	14	1	31	165	2	138	5.85e-89	246
PFLA027373	PFLA027373	100.000	166	0	0	1	166	1	166	8.69e-126	338
PFLA027373	PFLA000348	88.321	137	14	1	2	138	31	165	5.14e-89	246
PHAL004971	PHAL004971	100.000	222	0	0	1	222	1	222	5.22e-169	452
PHAL004971	PHAL010873	33.962	53	33	1	91	143	93	143	2.24e-06	33.5
PHAL010873	PHAL010873	100.000	224	0	0	1	224	1	224	5.98e-173	462
PHAL010873	PHAL004971	33.962	53	33	1	93	143	91	143	2.26e-06	33.5
PHUM008365	PHUM008365	100.000	217	0	0	1	217	1	217	3.18e-164	440
PHUM008365	PHUM005362	25.735	136	77	5	63	175	62	196	2.16e-06	33.5
PHUM008365	PHUM005362	42.857	7	4	0	67	73	214	220	6.0	13.9
PHUM005362	PHUM005362	100.000	225	0	0	1	225	1	225	6.05e-174	465
PHUM005362	PHUM008365	25.735	136	77	5	62	196	63	175	2.24e-06	33.5
PHUM005362	PHUM008365	42.857	7	4	0	214	220	67	73	6.2	13.9
PHYT001254	PHYT001254	100.000	315	0	0	1	315	1	315	0.0	653
PINF000483	PINF000483	100.000	224	0	0	1	224	1	224	1.65e-173	464
PINF000483	PINF013499	34.545	55	34	1	91	143	89	143	1.64e-07	37.4
PINF014855	PINF013499	100.000	222	0	0	1	222	1	222	5.31e-170	455
PINF014855	PINF014855	100.000	222	0	0	1	222	1	222	5.31e-170	455
PINF013499	PINF013499	100.000	222	0	0	1	222	1	222	5.31e-170	455
PINF013499	PINF014855	100.000	222	0	0	1	222	1	222	5.31e-170	455
PMAR015760	PMAR015760	100.000	195	0	0	1	195	1	195	4.30e-147	395
PMAR015760	PMAR011418	99.487	195	1	0	1	195	1	195	9.92e-146	392
PMAR020474	PMAR015760	100.000	161	0	0	1	161	1	161	1.69e-120	326
PMAR020474	PMAR020474	100.000	161	0	0	1	161	1	161	2.53e-120	325
PMAR011418	PMAR011418	100.000	195	0	0	1	195	1	195	1.03e-146	394
PMAR011418	PMAR015760	99.487	195	1	0	1	195	1	195	9.92e-146	392
PMAR016145	PMAR016145	100.000	134	0	0	1	134	1	134	1.67e-97	265
PMIN017892	PMIN017892	100.000	217	0	0	1	217	1	217	9.32e-165	442
PMIN017892	PMIN012228	99.507	203	1	0	1	203	1	203	4.26e-153	412
PMIN013353	PMIN013353	100.000	203	0	0	1	203	1	203	3.25e-157	421
PMIN013353	PMIN008199	90.909	187	8	2	26	203	1	187	1.16e-114	313
PMIN008199	PMIN008199	100.000	187	0	0	1	187	1	187	2.16e-142	383
PMIN008199	PMIN013353	90.909	187	8	2	1	187	26	203	5.01e-115	314
PMIN012228	PMIN012228	100.000	203	0	0	1	203	1	203	2.54e-154	414
PMIN012228	PMIN017892	99.507	203	1	0	1	203	1	203	3.99e-153	412
PMUR000946	PMUR000946	100.000	226	0	0	1	226	1	226	2.71e-172	461
PMUR002486	PMUR002486	100.000	142	0	0	1	142	1	142	1.85e-104	282
PMUR002486	PMUR000946	31.034	29	18	2	53	80	173	200	8.9	12.3
PPAC022120	PPAC022120	100.000	208	0	0	1	208	1	208	2.36e-156	419
PPAC022120	PPAC010579	28.704	108	66	4	57	155	62	167	0.001	25.4
PPAC022120	PPAC010579	40.000	15	9	0	77	91	160	174	5.1	13.9
PPAC010579	PPAC010579	100.000	223	0	0	1	223	1	223	4.86e-171	457
PPAC010579	PPAC022120	28.704	108	66	4	62	167	57	155	1.20e-06	34.3
PPAC010579	PPAC022120	40.000	15	9	0	160	174	77	91	4.0	14.2
PPAL009428	PPAL009428	100.000	105	0	0	1	105	1	105	9.41e-79	214
PPAL009312	PPAL009312	100.000	221	0	0	1	221	1	221	5.47e-169	452
PPAT016341	PPAT016341	100.000	223	0	0	1	223	1	223	6.51e-169	452
PPAT016341	PPAT033102	43.750	16	9	0	120	135	103	118	1.2	15.8
PPAT033102	PPAT033102	100.000	219	0	0	1	219	1	219	3.09e-168	450
PPAT033102	PPAT016341	36.364	22	14	0	103	124	120	141	0.30	17.7
PPER005496	PPER005496	100.000	214	0	0	1	214	1	214	6.34e-164	439
PPER005496	PPER011366	30.000	20	14	0	169	188	205	224	2.2	15.0
PPER005496	PPER011366	47.059	17	9	0	130	146	228	244	4.7	14.2
PPER011366	PPER011366	100.000	263	0	0	1	263	1	263	0.0	527
PPER011366	PPER005496	25.926	27	20	0	6	32	183	209	2.3	15.4
PPER011366	PPER005496	30.000	20	14	0	205	224	169	188	2.7	15.4
PPER011366	PPER005496	47.059	17	9	0	228	244	130	146	5.2	14.2
PPUR000345	PPUR000345	100.000	228	0	0	1	228	1	228	2.79e-168	451
PPUR003482	PPUR003482	100.000	221	0	0	1	221	1	221	5.29e-171	457
PSIN004070	PSIN004070	100.000	217	0	0	1	217	1	217	2.61e-162	435
PSIN004070	PSIN005898	26.374	91	57	4	62	144	55	143	1.42e-04	28.1
PSIN004070	PSIN005898	41.176	17	10	0	172	188	4	20	1.00	16.2
PSIN004070	PSIN005898	38.095	21	13	0	20	40	183	203	1.1	15.8
PSIN005898	PSIN005898	100.000	215	0	0	1	215	1	215	6.32e-165	441
PSIN005898	PSIN004070	26.374	91	57	4	55	143	62	144	1.41e-04	28.1
PSIN005898	PSIN004070	41.176	17	10	0	4	20	172	188	0.99	16.2
PSIN005898	PSIN004070	38.095	21	13	0	183	203	20	40	1.1	15.8
PSPF009376	PSPF009376	100.000	161	0	0	1	161	1	161	1.18e-122	329
PTET005429	PTET005429	100.000	212	0	0	1	212	1	212	6.42e-164	438
PTET005429	PTET006056	34.286	35	23	0	90	124	74	108	2.20e-04	27.3
PTET006056	PTET006056	100.000	203	0	0	1	203	1	203	2.29e-151	406
PTET006056	PTET005429	34.286	35	23	0	74	108	90	124	2.11e-04	27.3
PTRI006798	PTRI006798	100.000	206	0	0	1	206	1	206	8.80e-158	422
PTRI006798	PTRI009458	23.711	97	64	3	40	136	66	152	4.08e-04	26.6
PTRI009458	PTRI009458	100.000	222	0	0	1	222	1	222	2.16e-167	448
PTRI009458	PTRI006798	23.711	97	64	3	66	152	40	136	4.40e-04	26.6
PULT003996	PULT003996	100.000	222	0	0	1	222	1	222	3.59e-170	455
PULT003996	PULT010845	30.909	55	36	1	89	143	96	148	5.36e-07	35.4
PULT010845	PULT010845	100.000	229	0	0	1	229	1	229	5.95e-177	473
PULT010845	PULT003996	30.909	55	36	1	96	148	89	143	5.53e-07	35.4
RALL005267	RALL005267	100.000	181	0	0	1	181	1	181	6.24e-136	365
RALL005267	RALL002596	37.500	24	15	0	7	30	47	70	0.067	19.2
RALL002596	RALL002596	100.000	222	0	0	1	222	1	222	1.06e-168	451
RALL002596	RALL005267	37.500	24	15	0	47	70	7	30	0.086	19.2
RBRE002149	RBRE002149	100.000	241	0	0	1	241	1	241	0.0	492
RBRE002149	RBRE002402	29.412	34	24	0	146	179	132	165	0.33	18.1
RBRE002149	RBRE002402	60.000	10	4	0	71	80	166	175	0.48	17.3
RBRE002402	RBRE002402	100.000	245	0	0	1	245	1	245	0.0	496
RBRE002402	RBRE002149	29.412	34	24	0	132	165	146	179	0.33	18.1
RBRE002402	RBRE002149	60.000	10	4	0	166	175	71	80	0.49	17.3
RFIL027266	RFIL027266	100.000	216	0	0	1	216	1	216	2.91e-167	447
RFIL006744	RFIL006744	100.000	196	0	0	1	196	1	196	1.08e-148	399
RIRR000402	RIRR000402	100.000	196	0	0	1	196	1	196	4.63e-149	399
RIRR000402	RIRR008167	33.333	15	10	0	96	110	75	89	2.6	14.6
RIRR008167	RIRR008167	100.000	209	0	0	1	209	1	209	4.56e-158	423
RIRR008167	RIRR000402	33.333	15	10	0	75	89	96	110	2.7	14.6
RPRO013759	RPRO013759	100.000	221	0	0	1	221	1	221	2.08e-169	453
RPRO013759	RPRO013597	20.755	106	70	3	62	158	63	163	7.65e-05	28.9
RPRO013759	RPRO013597	50.000	6	3	0	111	116	2	7	7.0	13.5
RPRO013597	RPRO013597	100.000	217	0	0	1	217	1	217	1.27e-163	438
RPRO013597	RPRO013759	20.755	106	70	3	63	163	62	158	7.51e-05	28.9
RPRO013597	RPRO013759	50.000	6	3	0	2	7	111	116	6.9	13.5
RSOL002883	RSOL002883	100.000	282	0	0	1	282	1	282	0.0	577
RSPE003933	RSPE003933	100.000	218	0	0	1	218	1	218	1.16e-161	433
RSPE003933	RSPE003039	75.000	12	3	0	118	129	108	119	0.018	21.6
RSPE003933	RSPE003039	35.227	88	42	7	61	141	20	99	1.0	16.2
RSPE003039	RSPE003039	100.000	246	0	0	1	246	1	246	0.0	489
RSPE003039	RSPE003933	75.000	12	3	0	108	119	118	129	0.029	21.2
RVAR015422	RVAR015422	100.000	216	0	0	1	216	1	216	5.35e-163	436
RVAR015422	RVAR016923	23.364	107	66	3	63	162	62	159	2.69e-06	33.1
RVAR016923	RVAR016923	100.000	223	0	0	1	223	1	223	7.06e-169	452
RVAR016923	RVAR015422	23.364	107	66	3	62	159	63	162	2.78e-06	33.1
SAGG008960	SAGG008960	100.000	225	0	0	1	225	1	225	2.16e-171	458
SAGG008960	SAGG004431	40.000	25	14	1	105	129	73	96	0.64	16.9
SAGG008960	SAGG004431	27.273	22	16	0	117	138	168	189	3.4	14.6
SAGG004431	SAGG004431	100.000	221	0	0	1	221	1	221	1.18e-166	446
SAGG004431	SAGG008960	40.000	25	14	1	73	96	105	129	0.63	16.9
SAGG004431	SAGG008960	27.273	22	16	0	168	189	117	138	3.3	14.6
SARC013860	SARC013860	100.000	224	0	0	1	224	1	224	2.97e-170	456
SARC013860	SARC012930	22.105	95	60	2	116	209	103	184	0.002	24.6
SARC013860	SARC012930	38.462	26	16	0	75	100	188	213	2.5	15.0
SARC012930	SARC012930	100.000	221	0	0	1	221	1	221	8.91e-169	451
SARC012930	SARC013860	21.596	213	132	8	2	184	2	209	0.007	22.7
SARC012930	SARC013860	38.462	26	16	0	188	213	75	100	2.5	15.0
SBAT005825	SBAT005825	100.000	128	0	0	1	128	1	128	2.18e-96	259
SCER002640	SCER002640	100.000	212	0	0	1	212	1	212	5.78e-162	434
SCER002640	SCER003536	26.471	68	47	2	109	174	131	197	0.19	18.5
SCER002640	SCER003536	55.556	9	4	0	126	134	1	9	2.4	15.0
SCER003536	SCER003536	100.000	227	0	0	1	227	1	227	2.26e-168	451
SCER003536	SCER002640	26.471	68	47	2	131	197	109	174	0.21	18.5
SCER003536	SCER002640	55.556	9	4	0	1	9	126	134	2.5	15.0
SCOE009398	SCOE009398	100.000	210	0	0	1	210	1	210	9.79e-159	425
SCOE009398	SCOE026452	57.143	7	3	0	104	110	134	140	5.4	13.9
SCOE026452	SCOE026452	100.000	217	0	0	1	217	1	217	2.58e-169	452
SCOE026452	SCOE009398	57.143	7	3	0	134	140	104	110	5.6	13.9
SCOM002730	SCOM002730	100.000	221	0	0	1	221	1	221	1.48e-166	446
SCOM002730	SCOM001263	28.767	73	39	4	4	76	137	196	2.9	14.6
SCOM002730	SCOM001263	27.451	51	17	2	82	113	90	139	5.6	13.9
SCOM002730	SCOM001263	39.130	23	12	1	199	219	88	110	9.0	13.1
SCOM001263	SCOM001263	100.000	228	0	0	1	228	1	228	2.43e-173	464
SCOM001263	SCOM002730	28.767	73	39	4	137	196	4	76	3.0	14.6
SCOM001263	SCOM002730	27.451	51	17	2	90	139	82	113	7.8	13.5
SCUL008790	SCUL008790	100.000	251	0	0	1	251	1	251	0.0	504
SCUL008790	SCUL007765	55.556	9	4	0	106	114	233	241	7.4	13.9
SCUL007765	SCUL007765	100.000	297	0	0	1	297	1	297	0.0	603
SCUL007765	SCUL008790	55.556	9	4	0	233	241	106	114	8.4	13.9
SFAL024557	SFAL024557	100.000	221	0	0	1	221	1	221	4.85e-170	455
SFAL024557	SFAL025855	21.333	75	47	3	41	114	97	160	1.4	15.8
SFAL024557	SFAL025855	35.294	17	11	0	103	119	120	136	5.7	13.9
SFAL025855	SFAL025855	100.000	223	0	0	1	223	1	223	1.25e-169	454
SFAL025855	SFAL024557	21.333	75	47	3	97	160	41	114	1.4	15.8
SFAL025855	SFAL024557	35.294	17	11	0	120	136	103	119	5.7	13.9
SKOW006855	SKOW006855	100.000	225	0	0	1	225	1	225	4.91e-174	465
SKOW006855	SKOW020435	26.752	157	98	6	1	152	1	145	2.92e-08	39.3
SKOW020435	SKOW020435	100.000	217	0	0	1	217	1	217	3.62e-164	439
SKOW020435	SKOW006855	26.752	157	98	6	1	145	1	152	2.82e-08	39.3
SLEM004282	SLEM004282	100.000	201	0	0	1	201	1	201	6.33e-151	404
SLEM011278	SLEM011278	100.000	142	0	0	1	142	1	142	3.50e-107	289
SLEM011278	SLEM004282	16.176	68	44	2	31	98	16	70	9.5	12.3
SMAN002361	SMAN002361	100.000	238	0	0	1	238	1	238	6.24e-178	476
SMAN010944	SMAN010944	100.000	223	0	0	1	223	1	223	1.77e-172	461
SMAR002895	SMAR002895	100.000	202	0	0	1	202	1	202	3.96e-151	405
SMAR002895	SMAR012351	87.562	201	25	0	2	202	2	202	8.75e-133	359
SMAR012351	SMAR012351	100.000	217	0	0	1	217	1	217	3.02e-163	437
SMAR012351	SMAR002895	87.562	201	25	0	2	202	2	202	9.40e-133	359
SMED018224	SMED018224	100.000	228	0	0	1	228	1	228	3.78e-174	466
SMED018224	SMED015246	25.490	153	85	7	2	136	2	143	8.89e-06	32.0
SMED018224	SMED015246	37.143	35	15	2	39	73	193	220	0.13	18.9
SMED015246	SMED015246	100.000	224	0	0	1	224	1	224	1.12e-172	462
SMED015246	SMED018224	25.490	153	85	7	2	143	2	136	8.73e-06	32.0
SMED015246	SMED018224	37.143	35	15	2	193	220	39	73	0.13	18.9
SMIC019814	SMIC019814	100.000	215	0	0	1	215	1	215	2.02e-161	432
SMIM005802	SMIM005802	100.000	225	0	0	1	225	1	225	1.61e-173	463
SMIN038080	SMIN038080	100.000	221	0	0	1	221	1	221	1.52e-162	436
SMIN038080	SMIN030109	34.615	26	15	1	9	34	29	52	4.0	14.2
SMIN030109	SMIN030109	100.000	218	0	0	1	218	1	218	3.72e-165	442
SMIN030109	SMIN038080	34.615	26	15	1	29	52	9	34	4.1	14.2
SMOE016373	SMOE016373	100.000	214	0	0	1	214	1	214	8.43e-161	431
SMOE016373	SMOE004293	19.277	83	59	2	61	135	62	144	0.008	22.7
SMOE016373	SMOE004293	27.536	69	29	4	82	136	61	122	0.64	16.5
SMOE016373	SMOE004293	26.316	19	14	0	174	192	88	106	1.9	15.4
SMOE004293	SMOE004293	100.000	221	0	0	1	221	1	221	2.25e-170	456
SMOE004293	SMOE016373	19.277	83	59	2	62	144	61	135	0.008	22.7
SMOE004293	SMOE016373	27.536	69	29	4	61	122	82	136	0.66	16.5
SMOE004293	SMOE016373	26.316	19	14	0	88	106	174	192	1.9	15.4
SMUC004235	SMUC004235	100.000	156	0	0	1	156	1	156	2.85e-118	317
SPAR009909	SPAR009909	100.000	222	0	0	1	222	1	222	2.48e-169	453
SPAR009909	SPAR015239	27.143	70	48	2	87	155	18	85	7.82e-05	28.9
SPAR009909	SPAR015239	26.316	38	27	1	78	114	56	93	0.50	17.3
SPAR009909	SPAR015239	27.778	18	13	0	1	18	8	25	2.7	15.0
SPAR015239	SPAR006017	100.000	154	0	0	1	154	65	218	2.62e-118	321
SPAR015239	SPAR015239	100.000	154	0	0	1	154	1	154	1.73e-117	317
SPAR006017	SPAR006017	100.000	218	0	0	1	218	1	218	7.84e-168	449
SPAR006017	SPAR015239	100.000	154	0	0	65	218	1	154	3.71e-118	321
SPLU005449	SPLU005449	100.000	197	0	0	1	197	1	197	5.60e-146	392
SPLU005449	SPLU000013	30.000	40	27	1	89	127	3	42	0.16	17.7
SPLU005449	SPLU000013	66.667	6	2	0	152	157	43	48	5.3	13.5
SPLU000013	SPLU000013	100.000	135	0	0	1	135	1	135	1.43e-101	274
SPLU000013	SPLU005449	30.303	33	22	1	3	35	89	120	0.36	16.2
SPLU000013	SPLU005449	66.667	6	2	0	43	48	152	157	3.7	13.1
SPOM003922	SPOM003922	100.000	219	0	0	1	219	1	219	1.28e-170	456
SPOM004282	SPOM004282	100.000	222	0	0	1	222	1	222	1.31e-169	454
SPUN009032	SPUN009032	100.000	220	0	0	1	220	1	220	3.30e-167	447
SPUN009032	SPUN003522	29.487	78	43	3	83	151	87	161	5.72e-05	29.3
SPUN009032	SPUN003522	41.176	17	9	1	6	22	139	154	6.4	13.9
SPUN003522	SPUN003522	100.000	221	0	0	1	221	1	221	4.33e-169	452
SPUN003522	SPUN009032	29.487	78	43	3	87	161	83	151	5.74e-05	29.3
SPUN003522	SPUN009032	41.176	17	9	1	139	154	6	22	6.4	13.9
SPUR011920	SPUR011920	100.000	217	0	0	1	217	1	217	4.85e-161	432
SPUR011920	SPUR016273	99.485	194	1	0	24	217	1	194	1.95e-143	387
SPUR004529	SPUR004529	100.000	224	0	0	1	224	1	224	2.44e-172	461
SPUR004529	SPUR016273	21.000	100	73	2	91	188	65	160	2.94e-04	27.3
SPUR016273	SPUR016273	100.000	194	0	0	1	194	1	194	1.54e-144	388
SPUR016273	SPUR011920	99.485	194	1	0	1	194	24	217	1.74e-143	387
SRAT006773	SRAT006773	100.000	203	0	0	1	203	1	203	9.50e-156	417
SRAT006773	SRAT005830	24.176	182	108	10	1	167	1	167	4.29e-05	29.3
SRAT005830	SRAT005830	100.000	205	0	0	1	205	1	205	2.90e-156	418
SRAT005830	SRAT006773	28.319	113	63	6	65	167	63	167	7.18e-05	28.5
SROS006917	SROS006917	100.000	221	0	0	1	221	1	221	1.71e-169	453
SROS006917	SROS010425	25.414	181	106	6	2	161	2	174	0.003	23.9
SROS010425	SROS010425	100.000	226	0	0	1	226	1	226	3.50e-166	445
SROS010425	SROS006917	26.471	204	118	9	2	197	2	181	1.41e-04	28.1
SSAL006091	SSAL006091	100.000	178	0	0	1	178	1	178	1.53e-135	363
TADH003302	TADH003302	100.000	221	0	0	1	221	1	221	4.05e-172	460
TADH003302	TADH002988	19.835	121	76	5	30	149	44	144	0.20	18.5
TADH002988	TADH002988	100.000	217	0	0	1	217	1	217	8.35e-165	441
TADH002988	TADH003302	19.835	121	76	5	44	144	30	149	0.20	18.5
TANN002983	TANN002983	100.000	218	0	0	1	218	1	218	1.64e-166	446
TANN002983	TANN000263	63.636	11	4	0	135	145	186	196	0.69	16.5
TANN002983	TANN000263	25.641	39	29	0	29	67	158	196	3.1	14.6
TANN002983	TANN000263	25.926	27	20	0	115	141	20	46	3.1	14.6
TANN002983	TANN000263	37.500	16	10	0	62	77	14	29	7.1	13.5
TANN000263	TANN000263	100.000	218	0	0	1	218	1	218	2.19e-162	435
TANN000263	TANN002983	63.636	11	4	0	186	196	135	145	0.73	16.5
TANN000263	TANN002983	25.641	39	29	0	158	196	29	67	2.9	14.6
TANN000263	TANN002983	25.926	27	20	0	20	46	115	141	3.5	14.6
TANN000263	TANN002983	37.500	16	10	0	14	29	62	77	8.3	13.5
TASI000347	TASI000347	100.000	231	0	0	1	231	1	231	5.59e-173	463
TASI003643	TASI003643	100.000	223	0	0	1	223	1	223	1.24e-173	464
TBRU005326	TBRU005326	100.000	265	0	0	1	265	1	265	0.0	551
TBRU000528	TBRU000528	100.000	303	0	0	1	303	1	303	0.0	622
TCAS003667	TCAS003667	100.000	226	0	0	1	226	1	226	6.92e-174	465
TCAS003667	TCAS003983	21.466	191	127	9	1	182	1	177	1.09e-05	31.6
TCAS003667	TCAS003983	31.818	22	15	0	114	135	195	216	2.8	14.6
TCAS003667	TCAS003983	25.000	16	12	0	182	197	10	25	9.3	13.1
TCAS003983	TCAS003983	100.000	217	0	0	1	217	1	217	1.19e-163	438
TCAS003983	TCAS003667	21.466	191	127	9	1	177	1	182	1.04e-05	31.6
TCAS003983	TCAS003667	31.818	22	15	0	195	216	114	135	2.7	14.6
TCAS003983	TCAS003667	25.000	16	12	0	10	25	182	197	8.9	13.1
TMEL003949	TMEL003949	100.000	229	0	0	1	229	1	229	5.55e-174	465
TMEL003949	TMEL004512	33.333	27	11	1	111	130	162	188	4.8	14.2
TMEL004512	TMEL004512	100.000	233	0	0	1	233	1	233	1.36e-170	457
TMEL004512	TMEL003949	33.333	27	11	1	162	188	111	130	5.6	13.9
TPSE005802	TPSE005802	100.000	239	0	0	1	239	1	239	0.0	489
TPSE005802	TPSE002701	41.667	12	7	0	121	132	71	82	1.5	15.8
TPSE002701	TPSE002701	100.000	201	0	0	1	201	1	201	1.00e-154	414
TPSE002701	TPSE005802	41.667	12	7	0	71	82	121	132	1.2	15.8
TRUB000532	TRUB000532	100.000	221	0	0	1	221	1	221	1.93e-169	453
TRUB000532	TRUB006525	24.706	85	56	3	61	144	62	139	0.006	23.1
TRUB006525	TRUB006525	100.000	217	0	0	1	217	1	217	1.28e-163	438
TRUB006525	TRUB000532	24.706	85	56	3	62	139	61	144	0.006	23.1
TSOL005310	TSOL005310	100.000	233	0	0	1	233	1	233	3.92e-174	466
TSOL010083	TSOL010083	100.000	215	0	0	1	215	1	215	8.03e-168	449
TSPI003782	TSPI003782	100.000	204	0	0	1	204	1	204	1.92e-160	429
TSPI003782	TSPI008980	31.579	19	13	0	48	66	94	112	0.13	18.9
TSPI008980	TSPI008980	100.000	217	0	0	1	217	1	217	1.39e-163	438
TSPI008980	TSPI003782	17.647	34	28	0	79	112	33	66	0.081	19.2
TTHE017431	TTHE017431	100.000	226	0	0	1	226	1	226	1.55e-170	456
TTHE017431	TTHE010493	22.549	102	72	3	97	198	90	184	0.020	21.6
TTHE010493	TTHE010493	100.000	213	0	0	1	213	1	213	7.43e-163	436
TTHE010493	TTHE017431	22.549	102	72	3	90	184	97	198	0.021	21.2
TTRA002644	TTRA002644	100.000	233	0	0	1	233	1	233	2.30e-170	456
TTRA004263	TTRA004263	100.000	96	0	0	1	96	1	96	5.44e-71	194
TVAG048290	TVAG048290	100.000	217	0	0	1	217	1	217	5.91e-167	446
TVAG048290	TVAG013833	22.222	144	89	8	11	146	4	132	0.17	18.5
TVAG013833	TVAG013833	100.000	206	0	0	1	206	1	206	4.94e-156	418
TVAG013833	TVAG048290	22.222	144	89	8	4	132	11	146	0.17	18.5
UMAY005559	UMAY005559	100.000	265	0	0	1	265	1	265	0.0	538
UMAY005559	UMAY004847	32.692	52	20	3	217	257	135	182	0.021	22.3
UMAY005559	UMAY004847	30.769	13	9	0	167	179	271	283	3.9	15.0
UMAY004847	UMAY004847	100.000	312	0	0	1	312	1	312	0.0	636
UMAY004847	UMAY005559	29.167	24	17	0	167	190	242	265	0.44	18.1
UMAY004847	UMAY005559	28.571	14	10	0	271	284	167	180	3.9	15.4
VBRA015026	VBRA015026	100.000	222	0	0	1	222	1	222	1.28e-170	456
VBRA007960	VBRA007960	100.000	265	0	0	1	265	1	265	0.0	532
VCAR012732_insertion	VCAR012732_insertion	100.000	195	0	0	1	195	1	195	7.59e-149	399
VCAR009393	VCAR009393	100.000	262	0	0	1	262	1	262	0.0	513
XTRO002113	XTRO002113	100.000	164	0	0	1	164	1	164	4.41e-123	331
XTRO002113	XTRO016413	27.273	88	58	3	6	92	62	144	6.55e-05	28.1
XTRO016413	XTRO016413	100.000	217	0	0	1	217	1	217	1.22e-163	438
XTRO016413	XTRO002113	27.273	88	58	3	62	144	6	92	8.67e-05	28.1
YLIP001669	YLIP001669	100.000	227	0	0	1	227	1	227	7.55e-174	465
YLIP001669	YLIP003342	60.000	10	4	0	29	38	78	87	0.61	16.9
YLIP003342	YLIP003342	100.000	211	0	0	1	211	1	211	9.39e-160	428
YLIP003342	YLIP001669	60.000	10	4	0	78	87	29	38	0.51	16.9
ZNEV004409	ZNEV004409	100.000	225	0	0	1	225	1	225	5.68e-172	460
ZNEV004409	ZNEV008728	24.852	169	106	6	1	157	1	160	4.56e-08	38.5
ZNEV008728	ZNEV008728	100.000	217	0	0	1	217	1	217	4.87e-165	442
ZNEV008728	ZNEV004409	24.852	169	106	6	1	160	1	157	4.40e-08	38.5
